$sudut 15
e-type = 8
ne = 7
111 0.13626
112 0.14818
113 0.14162
114 0.13896
115 0.15015
116 0.14239
117 0.14245

$sudut 30
e-type = 8
ne = 8
113	0.159260932
114	0.161010965
115	0.158255385
116	0.169126923
117	0.162483552
118	0.116422688
119	0.116491198
120	0.116209289

$sudut 45
e-type = 8
ne = 9
124	0.033891838
125	0.112110352
126	0.112863811
127	0.085998059
128	0.114282326
129	0.115065363
130	0.14114444
131	0.141886194
132	0.142757617

$sudut 60
e-type = 8
ne = 7
140	0.19708003
141	0.198075823
142	0.199056459
143	0.199944821
144	0.201008493
145	0.201914403
146	0.202854755

$sudut 300 
e-type = 8
ne = 6
147	0.198278849
148	0.001287455
149	0.198045961
150	0.19874118
151	0.201101196
152	0.20254536

$sudut 315
e-type = 8
ne = 8
124	0.106634504
125	0.107025202
126	0.153015715
127	0.153598047
128	0.154171342
129	0.143073875
130	0.142158313
131	0.040323002

$sudut 330
e-type = 8
ne = 7
106	0.164902107
107	0.166218558
108	0.16622392
109	0.165665494
110	0.167292381
111	0.168050705
112	0.166548943


$sudut 345
e-type = 8
ne = 6
106	0.15673
107	0.17609
108	0.15983
109	0.16307
110	0.17812
111	0.16616






