$sudut = 0
e-type = 8
ne = 11
108	0.049858102
109	0.050057601
110	0.051082429
111	0.051315243
112	0.051344494
113	0.051891719
114	0.051921632
115	0.051796232
116	0.052380581
117	0.052637708
118	0.052216607

$sudut = 15
e-type = 8
ne = 7
111	0.019307564
112	0.020997167
113	0.020068097
114	0.019691672
115	0.021276904
116	0.020177788
117	0.020186833


$sudut = 30
e-type = 8
ne = 8
113	0.035492807
114	0.035883056
115	0.035267677
116	0.037690872
117	0.036211967
118	0.036040992
119	0.039148838
120	0.036055419
