$sudut = 0
e-type = 8
ne = 11
108	0.012315202
109	0.012364479
110	0.012617617
111	0.012675123
112	0.012682349
113	0.012817516
114	0.012824904
115	0.01279393
116	0.012938267
117	0.013001779
118	0.012897765

$sudut = 45
e-type = 8
ne = 9
124	0.047229014
125	0.044095141
126	0.045220821
127	0.045520591
128	0.045162074
129	0.044667023
130	0.04737181
131	0.043582065
132	0.044100385

$sudut = 315
e-type = 8
ne = 8
125	0.055733076
126	0.05646864
127	0.056791515
128	0.057513815
129	0.056690221
130	0.05776468
131	0.056036279
132	0.056123919
