$sudut = 0
e-type = 8
ne = 11
108	0.033993162
109	0.03412918
110	0.034827905
111	0.034986638
112	0.035006581
113	0.035379678
114	0.035400072
115	0.035314575
116	0.035712983
117	0.035888292
118	0.035601186


$sudut = 30
e-type = 8
ne = 8
113	0.02419893
114	0.024465001
115	0.024045437
116	0.025697567
117	0.024689252
118	0.024572682
119	0.026691605
120	0.024582518



$sudut = 60
e-type = 8
ne = 7
140	0.132863237
141	0.01706459
142	0.121646553
143	0.131020749
144	0.127395025
145	0.017689839
146	0.121238294
